       0.000  
       0.200  
       0.400  
       0.600  
       0.800  
       1.000  
       1.200  
       1.400  
       1.600  
       1.800  
       2.000  
       2.200  
       2.400  
       2.600  
       2.800  
       3.000  
       3.200  
       3.400  
       3.600  
       3.800  
       4.000  
       4.200  
       4.400  
       4.600  
       4.800  
       5.000  
       5.200  
       5.400  
       5.600  
       5.800  
       6.000  
       6.200  
       6.400  
       6.600  
       6.800  
       7.000  
       7.200  
       7.400  
       7.600  
       7.800  
       8.000  
       8.200  
       8.400  
       8.600  
       8.800  
       9.000  
       9.200  
       9.400  
       9.600  
       9.800  
      10.000  
      10.200  
      10.400  
      10.600  
      10.800  
      11.000  
      11.200  
      11.400  
      11.600  
      11.800  
      12.000  
      12.200  
      12.400  
      12.600  
      12.800  
      13.000  
      13.200  
      13.400  
      13.600  
      13.800  
      14.000  
      14.200  
      14.400  
      14.600  
      14.800  
      15.000  
      15.200  
      15.400  
      15.600  
      15.800  
      16.000  
      16.200  
      16.400  
      16.600  
      16.800  
      17.000  
      17.200  
      17.400  
      17.600  
      17.800  
      18.000  
      18.200  
      18.400  
      18.600  
      18.800  
      19.000  
      19.200  
      19.400  
      19.600  
      19.800  
      20.000  
      20.200           0.6116
      20.400           0.6124
      20.600           0.6131
      20.800           0.6143
      21.000           0.6155
      21.200           0.6176
      21.400           0.6197
      21.600           0.6204
      21.800           0.6227
      22.000           0.6256
      22.200           0.6297
      22.400           0.6325
      22.600           0.6351
      22.800           0.6362
      23.000           0.6397
      23.200           0.6408
      23.400           0.6417
      23.600           0.6445
      23.800           0.6475
      24.000           0.6495
      24.200           0.6505
      24.400           0.6533
      24.600           0.6561
      24.800           0.6595
      25.000           0.6618
      25.200           0.6659
      25.400           0.6689
      25.600           0.6708
      25.800           0.6729
      26.000           0.6755
      26.200           0.6783
      26.400           0.6793
      26.600           0.6810
      26.800           0.6835
      27.000           0.6859
      27.200           0.6879
      27.400           0.6913
      27.600           0.6945
      27.800           0.6965
      28.000           0.6981
      28.200           0.6999
      28.400           0.7030
      28.600           0.7044
      28.800           0.7065
      29.000           0.7086
      29.200           0.7125
      29.400           0.7151
      29.600           0.7205
      29.800           0.7253
      30.000           0.7281
      30.200           0.7326
      30.400           0.7359
      30.600           0.7403
      30.800           0.7443
      31.000           0.7494
      31.200           0.7540
      31.400           0.7579
      31.600           0.7610
      31.800           0.7658
      32.000           0.7674
      32.200           0.7686
      32.400           0.7741
      32.600           0.7777
      32.800           0.7809
      33.000           0.7827
      33.200           0.7891
      33.400           0.7922
      33.600           0.7950
      33.800           0.8021
      34.000           0.8073
      34.200           0.8110
      34.400           0.8154
      34.600           0.8173
      34.800           0.8216
      35.000           0.8254
      35.200           0.8243
      35.400           0.8258
      35.600           0.8314
      35.800           0.8346
      36.000           0.8393
      36.200           0.8449
      36.400           0.8443
      36.600           0.8484
      36.800           0.8536
      37.000           0.8573
      37.200           0.8618
      37.400           0.8632
      37.600           0.8672
      37.800           0.8686
      38.000           0.8718
      38.200           0.8751
      38.400           0.8750
      38.600           0.8787
      38.800           0.8813
      39.000           0.8852
      39.200           0.8878
      39.400           0.8907
      39.600           0.8937
      39.800           0.8967
      40.000           0.8992
      40.200           0.9012
      40.400           0.9041
      40.600           0.9084
      40.800           0.9099
      41.000           0.9126
      41.200           0.9156
      41.400           0.9193
      41.600           0.9209
      41.800           0.9241
      42.000           0.9271
      42.200           0.9325
      42.400           0.9359
      42.600           0.9387
      42.800           0.9410
      43.000           0.9417
      43.200           0.9437
      43.400           0.9476
      43.600           0.9514
      43.800           0.9521
      44.000           0.9533
      44.200           0.9517
      44.400           0.9528
      44.600           0.9535
      44.800           0.9569
      45.000           0.9592
      45.200           0.9592
      45.400           0.9621
      45.600           0.9646
      45.800           0.9623
      46.000           0.9646
      46.200           0.9643
      46.400           0.9686
      46.600           0.9688
      46.800           0.9655
      47.000           0.9678
      47.200           0.9672
      47.400           0.9683
      47.600           0.9684
      47.800           0.9752
      48.000           0.9751
      48.200           0.9774
      48.400           0.9782
      48.600           0.9807
      48.800           0.9870
      49.000           0.9884
      49.200           0.9826
      49.400           0.9815
      49.600           0.9829
      49.800           0.9826
      50.000           0.9849
      50.200           0.9852
      50.400           0.9870
      50.600           0.9874
      50.800           0.9921
      51.000           0.9955
      51.200           0.9955
      51.400           0.9946
      51.600           0.9953
      51.800           0.9937
      52.000           0.9933
      52.200           0.9903
      52.400           0.9914
      52.600           0.9918
      52.800           0.9962
      53.000           0.9933
      53.200           0.9895
      53.400           0.9876
      53.600           0.9856
      53.800           0.9874
      54.000           0.9888
      54.200           0.9861
      54.400           0.9837
      54.600           0.9842
      54.800           0.9828
      55.000           0.9832
      55.200           0.9813
      55.400           0.9814
      55.600           0.9774
      55.800           0.9784
      56.000           0.9793
      56.200           0.9789
      56.400           0.9809
      56.600           0.9813
      56.800           0.9824
      57.000           0.9833
      57.200           0.9824
      57.400           0.9824
      57.600           0.9838
      57.800           0.9862
      58.000           0.9846
      58.200           0.9828
      58.400           0.9831
      58.600           0.9903
      58.800           0.9926
      59.000           0.9911
      59.200           0.9880
      59.400           0.9865
      59.600           0.9891
      59.800           0.9903
      60.000           0.9910
      60.200           0.9875
      60.400           0.9890
      60.600           0.9897
      60.800           0.9859
      61.000           0.9850
      61.200           0.9851
      61.400           0.9828
      61.600           0.9837
      61.800           0.9828
      62.000           0.9815
      62.200           0.9801
      62.400           0.9802
      62.600           0.9807
      62.800           0.9776
      63.000           0.9787
      63.200           0.9803
      63.400           0.9795
      63.600           0.9765
      63.800           0.9790
      64.000           0.9790
      64.200           0.9777
      64.400           0.9773
      64.600           0.9797
      64.800           0.9833
      65.000           0.9824
      65.200           0.9809
      65.400           0.9797
      65.600           0.9796
      65.800           0.9803
      66.000           0.9793
      66.200           0.9804
      66.400           0.9798
      66.600           0.9807
      66.800           0.9821
      67.000           0.9800
      67.200           0.9824
      67.400           0.9845
      67.600           0.9855
      67.800           0.9867
      68.000           0.9885
      68.200           0.9881
      68.400           0.9861
      68.600           0.9837
      68.800           0.9811
      69.000           0.9821
      69.200           0.9799
      69.400           0.9780
      69.600           0.9816
      69.800           0.9802
      70.000           0.9780
      70.200           0.9783
      70.400           0.9807
      70.600           0.9821
      70.800           0.9850
      71.000           0.9875
      71.200           0.9834
      71.400           0.9874
      71.600           0.9879
      71.800           0.9909
      72.000           0.9929
      72.200           0.9944
      72.400           0.9959
      72.600           0.9955
      72.800           0.9946
      73.000           0.9913
      73.200           0.9885
      73.400           0.9857
      73.600           0.9878
      73.800           0.9933
      74.000           0.9933
      74.200           0.9928
      74.400           0.9905
      74.600           0.9879
      74.800           0.9874
      75.000           0.9873
      75.200           0.9834
      75.400           0.9821
      75.600           0.9820
      75.800           0.9815
      76.000           0.9811
      76.200           0.9822
      76.400           0.9829
      76.600           0.9811
      76.800           0.9804
      77.000           0.9793
      77.200           0.9803
      77.400           0.9792
      77.600           0.9758
      77.800           0.9754
      78.000           0.9752
      78.200           0.9736
      78.400           0.9746
      78.600           0.9762
      78.800           0.9779
      79.000           0.9817
      79.200           0.9810
      79.400           0.9796
      79.600           0.9834
      79.800           0.9849
      80.000           0.9876
