       0.000           0.0000
       0.200          38.0399
       0.400          47.9073
       0.600          49.6569
       0.800          59.4148
       1.000          65.9308
       1.200          71.5362
       1.400          85.3568
       1.600          91.1596
       1.800         102.9667
       2.000         108.4783
       2.200         118.2605
       2.400         126.0483
       2.600         140.3511
       2.800         160.4619
       3.000         168.2176
       3.200         180.5691
       3.400         194.7381
       3.600         202.4476
       3.800         218.1457
       4.000         227.9035
       4.200         240.6464
       4.400         252.9319
       4.600         256.8274
       4.800         281.0748
       5.000         280.5051
       5.200         316.7442
       5.400         308.5716
       5.600         329.7785
       5.800         343.1311
       6.000         346.2287
       6.200         380.2514
       6.400         384.8986
       6.600         388.7440
       6.800         396.2536
       7.000         411.0797
       7.200         428.4309
       7.400         428.9399
       7.600         442.9072
       7.800         450.4648
       8.000         483.6975
       8.200         488.5527
       8.400         479.7767
       8.600         506.2809
       8.800         510.6118
       9.000         550.7491
       9.200         557.5346
       9.400         572.8716
       9.600         578.9631
       9.800         597.0262
      10.000         593.9203
      10.200         594.2990
      10.400         623.1688
      10.600         660.2760
      10.800         658.3695
      11.000         675.8940
      11.200         679.9876
      11.400         677.9027
      11.600         706.5228
      11.800         722.9219
      12.000         715.0323
      12.200         745.3942
      12.400         781.7212
      12.600         767.5660
      12.800         774.3355
      13.000         810.7368
      13.200         790.0605
      13.400         810.4324
      13.600         830.9370
      13.800         833.4543
      14.000         846.0718
      14.200         856.9348
      14.400         880.7025
      14.600         911.5121
      14.800         894.7329
      15.000         927.0629
      15.200         934.8767
      15.400         935.6605
      15.600         952.0483
      15.800         957.3208
      16.000         969.8358
      16.200         975.7021
      16.400         995.8184
      16.600        1028.6884
      16.800        1010.5217
      17.000        1030.9954
      17.200        1053.5471
      17.400        1075.2276
      17.600        1062.7453
      17.800        1104.3939
      18.000        1103.4724
      18.200        1106.6597
      18.400        1086.5582
      18.600        1115.4743
      18.800        1120.6837
      19.000        1123.2472
      19.200        1173.7988
      19.400        1115.5693
      19.600        1129.2483
      19.800        1161.4302
      20.000        1159.9919
      20.200        1119.6560
      20.400        1149.7612
      20.600        1148.6615
      20.800        1145.2289
      21.000        1160.6680
      21.200        1170.0242
      21.400        1138.8110
      21.600        1103.9759
      21.800        1129.4661
      22.000        1141.9977
      22.200        1134.6778
      22.400        1181.7277
      22.600        1120.4336
      22.800        1108.5682
      23.000        1158.6494
      23.200        1175.7956
      23.400        1145.3636
      23.600        1123.9847
      23.800        1148.4054
      24.000        1164.4046
      24.200        1118.9700
      24.400        1117.2526
      24.600        1128.1039
      24.800        1171.5218
      25.000        1172.5681
      25.200        1138.3141
      25.400        1134.1685
      25.600        1127.0041
      25.800        1172.9149
      26.000        1142.3961
      26.200        1172.6800
      26.400        1159.7803
      26.600        1172.5563
      26.800        1112.9452
      27.000        1160.3881
      27.200        1163.5818
      27.400        1148.1057
      27.600        1087.5050
      27.800        1113.0997
      28.000        1109.9262
      28.200        1082.5793
      28.400        1149.4606
      28.600        1150.2311
      28.800        1127.7912
      29.000        1142.7490
      29.200        1167.1854
      29.400        1124.8385
      29.600        1151.3869
      29.800        1142.4825
      30.000        1141.8135
      30.200        1095.1576
      30.400        1125.9500
      30.600        1114.0880
      30.800        1206.1703
      31.000        1145.2794
      31.200        1148.9178
      31.400        1129.4690
      31.600        1114.9422
      31.800        1137.6420
      32.000        1131.0368
      32.200        1129.5246
      32.400        1199.2990
      32.600        1125.9612
      32.800        1102.1970
      33.000        1145.6457
      33.200        1161.0323
      33.400        1155.3341
      33.600        1151.3123
      33.800        1129.6618
      34.000        1167.4024
      34.200        1183.0195
      34.400        1152.0730
      34.600        1125.8608
      34.800        1172.5047
      35.000        1171.1823
      35.200        1154.2850
      35.400        1180.8888
      35.600        1132.9743
      35.800        1090.7990
      36.000        1138.3004
      36.200        1160.7581
      36.400        1163.7629
      36.600        1123.6210
      36.800        1130.6489
      37.000        1113.5302
      37.200        1148.6381
      37.400        1141.9874
      37.600        1172.6519
      37.800        1183.6987
      38.000        1164.9456
      38.200        1187.8481
      38.400        1163.6687
      38.600        1166.9664
      38.800        1155.3949
      39.000        1179.5483
      39.200        1178.7149
      39.400        1165.8938
      39.600        1158.6476
      39.800        1189.7684
      40.000        1194.6742
      40.200        1120.3504
      40.400        1162.1374
      40.600        1198.0137
      40.800        1185.4789
      41.000        1135.0712
      41.200        1153.9679
      41.400        1157.5938
      41.600        1148.6249
      41.800        1142.4042
      42.000        1137.7165
      42.200        1148.0180
      42.400        1169.0416
      42.600        1185.4806
      42.800        1140.3546
      43.000        1163.1405
      43.200        1140.1129
      43.400        1138.0513
      43.600        1132.8762
      43.800        1149.3051
      44.000        1132.5596
      44.200        1151.4922
      44.400        1139.4590
      44.600        1157.6506
      44.800        1157.5818
      45.000        1161.5630
      45.200        1137.2967
      45.400        1155.2249
      45.600        1162.5205
      45.800        1126.4942
      46.000        1145.6955
      46.200        1203.9598
      46.400        1174.2949
      46.600        1149.7540
      46.800        1148.6193
      47.000        1154.3523
      47.200        1144.7066
      47.400        1159.4241
      47.600        1088.4416
      47.800        1142.3538
      48.000        1162.3549
      48.200        1155.4073
      48.400        1149.1076
      48.600        1117.8609
      48.800        1113.3710
      49.000        1137.9265
      49.200        1133.8169
      49.400        1109.3088
      49.600        1075.8390
      49.800        1157.4171
      50.000        1156.1681
      50.200        1174.5295
      50.400        1140.5904
      50.600        1088.1996
      50.800        1114.9858
      51.000        1091.2187
      51.200        1122.8897
      51.400        1117.9048
      51.600        1100.6208
      51.800        1121.2192
      52.000        1138.0282
      52.200        1116.2358
      52.400        1108.6371
      52.600        1129.1543
      52.800        1131.9267
      53.000        1187.0783
      53.200        1147.2149
      53.400        1168.2205
      53.600        1141.7952
      53.800        1150.0113
      54.000        1126.5856
      54.200        1156.6387
      54.400        1165.0404
      54.600        1171.8226
      54.800        1180.4533
      55.000        1138.3676
      55.200        1138.5052
      55.400        1136.9312
      55.600        1167.4106
      55.800        1162.8029
      56.000        1153.0552
      56.200        1116.2009
      56.400        1137.4312
      56.600        1099.7503
      56.800        1128.7900
      57.000        1121.5246
      57.200        1122.4753
      57.400        1148.5787
      57.600        1154.0946
      57.800        1192.7654
      58.000        1157.3397
      58.200        1127.9357
      58.400        1156.7448
      58.600        1151.3139
      58.800        1111.0174
      59.000        1125.7626
      59.200        1141.0561
      59.400        1153.7391
      59.600        1127.3629
      59.800        1205.0221
      60.000        1144.6593
      60.200        1177.0512
      60.400        1156.0165
      60.600        1156.1107
      60.800        1161.4439
      61.000        1165.6799
      61.200        1165.0263
      61.400        1119.2257
      61.600        1122.9817
      61.800        1168.3307
      62.000        1129.8258
      62.200        1149.0032
      62.400        1123.2263
      62.600        1143.4849
      62.800        1110.6092
      63.000        1128.6482
      63.200        1158.3845
      63.400        1162.7189
      63.600        1105.8683
      63.800        1138.3059
      64.000        1136.2651
      64.200        1098.1773
      64.400        1106.0187
      64.600        1103.7300
      64.800        1151.3525
      65.000        1105.8335
      65.200        1136.8118
      65.400        1156.2411
      65.600        1170.9023
      65.800        1133.8711
      66.000        1168.8776
      66.200        1171.9335
      66.400        1123.5149
      66.600        1150.5465
      66.800        1136.2937
      67.000        1204.1761
      67.200        1136.3691
      67.400        1153.7214
      67.600        1136.8400
      67.800        1129.4414
      68.000        1159.9116
      68.200        1115.1330
      68.400        1108.1995
      68.600        1132.6145
      68.800        1122.8604
      69.000        1115.6689
      69.200        1124.2135
      69.400        1161.0507
      69.600        1182.4886
      69.800        1135.3702
      70.000        1142.2820
      70.200        1141.3456
      70.400        1127.4363
      70.600        1124.5253
      70.800        1126.2374
      71.000        1133.9590
      71.200        1090.7272
      71.400        1113.3002
      71.600        1108.8627
      71.800        1191.0247
      72.000        1141.4028
      72.200        1100.8609
      72.400        1133.3995
      72.600        1133.1118
      72.800        1145.5532
      73.000        1172.4641
      73.200        1131.4844
      73.400        1153.0268
      73.600        1095.2940
      73.800        1126.5997
      74.000        1113.4188
      74.200        1139.4288
      74.400        1121.3728
      74.600        1124.0650
      74.800        1173.3936
      75.000        1178.1027
      75.200        1179.2140
      75.400        1177.6201
      75.600        1209.2677
      75.800        1135.9711
      76.000        1136.1913
      76.200        1163.6946
      76.400        1139.2396
      76.600        1127.4952
      76.800        1152.1754
      77.000        1093.2485
      77.200        1119.8104
      77.400        1124.1965
      77.600        1146.3162
      77.800        1179.2655
      78.000        1144.3132
      78.200        1142.5379
      78.400        1103.6455
      78.600        1155.9488
      78.800        1132.8998
      79.000        1164.8660
      79.200        1156.0720
      79.400        1189.3181
      79.600        1144.6698
      79.800        1114.4641
      80.000        1111.1405
