       0.000       -8105.6005
       0.200       -6959.1826
       0.400       -6987.1559
       0.600       -7003.2654
       0.800       -7020.9543
       1.000       -7031.9444
       1.200       -7037.4348
       1.400       -7046.7491
       1.600       -7050.3426
       1.800       -7056.0677
       2.000       -7046.6752
       2.200       -7042.4232
       2.400       -7036.4313
       2.600       -7025.6859
       2.800       -7029.8587
       3.000       -7019.1309
       3.200       -7009.7092
       3.400       -7007.2782
       3.600       -7000.4288
       3.800       -7002.3681
       4.000       -6994.6812
       4.200       -7000.3907
       4.400       -6988.2488
       4.600       -6969.6894
       4.800       -6968.9363
       5.000       -6971.2987
       5.200       -6948.7691
       5.400       -6923.5527
       5.600       -6922.9910
       5.800       -6904.8900
       6.000       -6886.5377
       6.200       -6888.9222
       6.400       -6877.2285
       6.600       -6870.0587
       6.800       -6863.9487
       7.000       -6835.5307
       7.200       -6836.0063
       7.400       -6828.7555
       7.600       -6815.6162
       7.800       -6800.6680
       8.000       -6804.1440
       8.200       -6791.9152
       8.400       -6751.9215
       8.600       -6771.4377
       8.800       -6728.1699
       9.000       -6741.0848
       9.200       -6698.6715
       9.400       -6678.1776
       9.600       -6668.8632
       9.800       -6671.3181
      10.000       -6638.5110
      10.200       -6612.5320
      10.400       -6613.5844
      10.600       -6616.9803
      10.800       -6581.3787
      11.000       -6557.3417
      11.200       -6558.4682
      11.400       -6521.0618
      11.600       -6525.4354
      11.800       -6523.7320
      12.000       -6507.1456
      12.200       -6503.7051
      12.400       -6475.2737
      12.600       -6467.4001
      12.800       -6432.8525
      13.000       -6415.7158
      13.200       -6407.7528
      13.400       -6391.1500
      13.600       -6364.0486
      13.800       -6348.4825
      14.000       -6317.1465
      14.200       -6321.5129
      14.400       -6283.5777
      14.600       -6281.9203
      14.800       -6225.8466
      15.000       -6216.6488
      15.200       -6220.6006
      15.400       -6190.8458
      15.600       -6152.0389
      15.800       -6126.9401
      16.000       -6080.7170
      16.200       -6068.4490
      16.400       -6027.0826
      16.600       -6030.3766
      16.800       -5985.6751
      17.000       -5921.1257
      17.200       -5918.8734
      17.400       -5900.3463
      17.600       -5852.1375
      17.800       -5834.0978
      18.000       -5785.7224
      18.200       -5825.1806
      18.400       -5746.2019
      18.600       -5766.3445
      18.800       -5768.3604
      19.000       -5753.5406
      19.200       -5761.6517
      19.400       -5730.0356
      19.600       -5681.0852
      19.800       -5676.9307
      20.000       -5707.4528
      20.200       -5699.6407
      20.400       -5692.7137
      20.600       -5699.1798
      20.800       -5701.6457
      21.000       -5675.5963
      21.200       -5687.7916
      21.400       -5692.9774
      21.600       -5713.6431
      21.800       -5720.2772
      22.000       -5712.7108
      22.200       -5674.6054
      22.400       -5705.6286
      22.600       -5676.6803
      22.800       -5658.4472
      23.000       -5704.1987
      23.200       -5730.4836
      23.400       -5658.6603
      23.600       -5658.1506
      23.800       -5679.6435
      24.000       -5719.1527
      24.200       -5701.7189
      24.400       -5695.4294
      24.600       -5641.4499
      24.800       -5695.9457
      25.000       -5709.5063
      25.200       -5708.1456
      25.400       -5738.4643
      25.600       -5745.1941
      25.800       -5750.3037
      26.000       -5685.8577
      26.200       -5726.6157
      26.400       -5724.3478
      26.600       -5739.9415
      26.800       -5737.7144
      27.000       -5801.6507
      27.200       -5829.1189
      27.400       -5840.2278
      27.600       -5798.5766
      27.800       -5810.9789
      28.000       -5835.6298
      28.200       -5765.7401
      28.400       -5850.5819
      28.600       -5796.3070
      28.800       -5777.1143
      29.000       -5789.2282
      29.200       -5793.9967
      29.400       -5795.5510
      29.600       -5786.3821
      29.800       -5735.0669
      30.000       -5748.0678
      30.200       -5760.3265
      30.400       -5821.6864
      30.600       -5779.1056
      30.800       -5845.1997
      31.000       -5784.1922
      31.200       -5814.2175
      31.400       -5769.3375
      31.600       -5802.5536
      31.800       -5832.2491
      32.000       -5821.0659
      32.200       -5801.7153
      32.400       -5893.9695
      32.600       -5888.5766
      32.800       -5829.2987
      33.000       -5831.2953
      33.200       -5781.0704
      33.400       -5812.4465
      33.600       -5813.1971
      33.800       -5839.8310
      34.000       -5835.8075
      34.200       -5824.4214
      34.400       -5837.2502
      34.600       -5800.1658
      34.800       -5868.7232
      35.000       -5884.9458
      35.200       -5904.7327
      35.400       -5900.9055
      35.600       -5892.0255
      35.800       -5849.0930
      36.000       -5924.7987
      36.200       -5937.2005
      36.400       -5912.3831
      36.600       -5891.6839
      36.800       -5878.4655
      37.000       -5858.9475
      37.200       -5904.7627
      37.400       -5856.8035
      37.600       -5851.0857
      37.800       -5857.2990
      38.000       -5857.8739
      38.200       -5865.0691
      38.400       -5867.6104
      38.600       -5877.9625
      38.800       -5845.7460
      39.000       -5878.7824
      39.200       -5828.8586
      39.400       -5826.3869
      39.600       -5810.9668
      39.800       -5890.8324
      40.000       -5925.6587
      40.200       -5849.3943
      40.400       -5898.3098
      40.600       -5914.8752
      40.800       -5927.6863
      41.000       -5914.2424
      41.200       -5906.7115
      41.400       -5958.6428
      41.600       -5935.1708
      41.800       -5924.2073
      42.000       -5920.6780
      42.200       -5979.7504
      42.400       -5996.0121
      42.600       -6007.5858
      42.800       -5948.7870
      43.000       -6014.0576
      43.200       -5977.8140
      43.400       -5995.6473
      43.600       -6016.0738
      43.800       -6020.6614
      44.000       -6000.1918
      44.200       -6027.6678
      44.400       -6009.6841
      44.600       -6044.2787
      44.800       -6032.5159
      45.000       -5987.1401
      45.200       -5959.6774
      45.400       -5978.4716
      45.600       -6003.2230
      45.800       -5996.5101
      46.000       -5985.8506
      46.200       -6039.9652
      46.400       -5998.7982
      46.600       -6017.1730
      46.800       -6046.0520
      47.000       -6041.6563
      47.200       -6035.3496
      47.400       -6064.1058
      47.600       -6042.7892
      47.800       -6087.1862
      48.000       -6080.1310
      48.200       -6054.3914
      48.400       -5995.0995
      48.600       -6027.9220
      48.800       -6037.3065
      49.000       -6062.8289
      49.200       -6039.9568
      49.400       -6085.2341
      49.600       -6053.3493
      49.800       -6065.8478
      50.000       -6071.0527
      50.200       -6038.4823
      50.400       -6089.4022
      50.600       -6056.2604
      50.800       -6078.8599
      51.000       -6078.7013
      51.200       -6110.4087
      51.400       -6028.9112
      51.600       -6036.6879
      51.800       -6034.3233
      52.000       -6010.9643
      52.200       -6025.9761
      52.400       -6011.7954
      52.600       -5989.0872
      52.800       -6008.6178
      53.000       -6065.4675
      53.200       -6035.5593
      53.400       -6019.8360
      53.600       -5983.1501
      53.800       -5964.6875
      54.000       -5974.8180
      54.200       -5982.1388
      54.400       -5989.6981
      54.600       -6011.7167
      54.800       -6025.2963
      55.000       -5983.0322
      55.200       -5973.5640
      55.400       -5959.3102
      55.600       -5949.8741
      55.800       -6009.2290
      56.000       -5954.3154
      56.200       -5985.0753
      56.400       -6035.1749
      56.600       -6037.6197
      56.800       -6063.9271
      57.000       -6053.7543
      57.200       -6078.2367
      57.400       -6074.1706
      57.600       -6037.1839
      57.800       -6061.3358
      58.000       -6049.5184
      58.200       -5995.1844
      58.400       -6045.3660
      58.600       -6053.0406
      58.800       -6011.4801
      59.000       -6048.7037
      59.200       -6027.8328
      59.400       -6064.7990
      59.600       -6014.1403
      59.800       -6054.3305
      60.000       -5988.9147
      60.200       -6058.0953
      60.400       -6038.3541
      60.600       -6042.5667
      60.800       -6049.7040
      61.000       -6054.2888
      61.200       -6049.2709
      61.400       -6033.2818
      61.600       -6017.6508
      61.800       -6069.4116
      62.000       -6038.8863
      62.200       -6051.3179
      62.400       -6026.8501
      62.600       -6027.4464
      62.800       -6050.2457
      63.000       -6057.1794
      63.200       -6072.0297
      63.400       -6041.9840
      63.600       -6022.8807
      63.800       -6079.3146
      64.000       -6043.4918
      64.200       -6037.7302
      64.400       -6050.2255
      64.600       -6045.9794
      64.800       -6079.2594
      65.000       -6038.2632
      65.200       -6054.6947
      65.400       -6018.1647
      65.600       -6011.3477
      65.800       -6017.4970
      66.000       -6063.3380
      66.200       -6086.8038
      66.400       -6031.6474
      66.600       -6053.1564
      66.800       -6016.5221
      67.000       -6064.2486
      67.200       -5992.4732
      67.400       -6067.5061
      67.600       -6056.3348
      67.800       -6086.0450
      68.000       -6102.8891
      68.200       -6067.4768
      68.400       -6044.3532
      68.600       -6055.3570
      68.800       -6071.3569
      69.000       -6073.1430
      69.200       -6058.9364
      69.400       -6107.6258
      69.600       -6099.1104
      69.800       -6060.8078
      70.000       -6018.5562
      70.200       -5995.6844
      70.400       -6020.9028
      70.600       -6032.3649
      70.800       -6118.0550
      71.000       -6119.1668
      71.200       -6025.5739
      71.400       -6021.3941
      71.600       -6001.4341
      71.800       -6058.8348
      72.000       -6013.7623
      72.200       -5996.6044
      72.400       -5998.9902
      72.600       -5991.8320
      72.800       -5998.2895
      73.000       -6058.4558
      73.200       -6036.0582
      73.400       -6089.4934
      73.600       -6083.2559
      73.800       -6118.9092
      74.000       -6097.3486
      74.200       -6100.9172
      74.400       -6065.6454
      74.600       -6037.1270
      74.800       -6030.8807
      75.000       -6015.0458
      75.200       -5976.5167
      75.400       -5992.5849
      75.600       -6027.2977
      75.800       -6034.3847
      76.000       -6041.8211
      76.200       -6039.5909
      76.400       -6007.9970
      76.600       -6012.5705
      76.800       -6055.3025
      77.000       -6014.3404
      77.200       -6026.6898
      77.400       -6023.8773
      77.600       -6012.1495
      77.800       -6010.4218
      78.000       -5975.9335
      78.200       -6009.4344
      78.400       -5983.4513
      78.600       -6045.5799
      78.800       -5976.3143
      79.000       -6001.7180
      79.200       -6014.8501
      79.400       -6046.3692
      79.600       -6030.5011
      79.800       -6031.5471
      80.000       -6023.6427
