       0.000       0.00
       0.200       9.99
       0.400      12.58
       0.600      13.04
       0.800      15.60
       1.000      17.31
       1.200      18.78
       1.400      22.41
       1.600      23.93
       1.800      27.03
       2.000      28.48
       2.200      31.04
       2.400      33.09
       2.600      36.84
       2.800      42.12
       3.000      44.16
       3.200      47.40
       3.400      51.12
       3.600      53.14
       3.800      57.26
       4.000      59.83
       4.200      63.17
       4.400      66.40
       4.600      67.42
       4.800      73.78
       5.000      73.63
       5.200      83.15
       5.400      81.00
       5.600      86.57
       5.800      90.07
       6.000      90.89
       6.200      99.82
       6.400     101.04
       6.600     102.05
       6.800     104.02
       7.000     107.91
       7.200     112.47
       7.400     112.60
       7.600     116.27
       7.800     118.25
       8.000     126.97
       8.200     128.25
       8.400     125.94
       8.600     132.90
       8.800     134.04
       9.000     144.57
       9.200     146.36
       9.400     150.38
       9.600     151.98
       9.800     156.72
      10.000     155.91
      10.200     156.01
      10.400     163.59
      10.600     173.33
      10.800     172.83
      11.000     177.43
      11.200     178.50
      11.400     177.95
      11.600     185.47
      11.800     189.77
      12.000     187.70
      12.200     195.67
      12.400     205.21
      12.600     201.49
      12.800     203.27
      13.000     212.82
      13.200     207.40
      13.400     212.74
      13.600     218.13
      13.800     218.79
      14.000     222.10
      14.200     224.95
      14.400     231.19
      14.600     239.28
      14.800     234.87
      15.000     243.36
      15.200     245.41
      15.400     245.62
      15.600     249.92
      15.800     251.30
      16.000     254.59
      16.200     256.13
      16.400     261.41
      16.600     270.04
      16.800     265.27
      17.000     270.64
      17.200     276.56
      17.400     282.25
      17.600     278.98
      17.800     289.91
      18.000     289.67
      18.200     290.50
      18.400     285.23
      18.600     292.82
      18.800     294.19
      19.000     294.86
      19.200     308.13
      19.400     292.84
      19.600     296.43
      19.800     304.88
      20.000     304.50
      20.200     293.92
      20.400     301.82
      20.600     301.53
      20.800     300.63
      21.000     304.68
      21.200     307.14
      21.400     298.94
      21.600     289.80
      21.800     296.49
      22.000     299.78
      22.200     297.86
      22.400     310.21
      22.600     294.12
      22.800     291.01
      23.000     304.15
      23.200     308.65
      23.400     300.66
      23.600     295.05
      23.800     301.46
      24.000     305.66
      24.200     293.74
      24.400     293.28
      24.600     296.13
      24.800     307.53
      25.000     307.81
      25.200     298.81
      25.400     297.73
      25.600     295.84
      25.800     307.90
      26.000     299.89
      26.200     307.83
      26.400     304.45
      26.600     307.80
      26.800     292.15
      27.000     304.61
      27.200     305.45
      27.400     301.38
      27.600     285.48
      27.800     292.19
      28.000     291.36
      28.200     284.18
      28.400     301.74
      28.600     301.94
      28.800     296.05
      29.000     299.98
      29.200     306.39
      29.400     295.28
      29.600     302.25
      29.800     299.91
      30.000     299.73
      30.200     287.48
      30.400     295.57
      30.600     292.45
      30.800     316.63
      31.000     300.64
      31.200     301.60
      31.400     296.49
      31.600     292.68
      31.800     298.64
      32.000     296.90
      32.200     296.51
      32.400     314.82
      32.600     295.57
      32.800     289.33
      33.000     300.74
      33.200     304.78
      33.400     303.28
      33.600     302.23
      33.800     296.54
      34.000     306.45
      34.200     310.55
      34.400     302.43
      34.600     295.54
      34.800     307.79
      35.000     307.44
      35.200     303.01
      35.400     309.99
      35.600     297.41
      35.800     286.34
      36.000     298.81
      36.200     304.71
      36.400     305.49
      36.600     294.96
      36.800     296.80
      37.000     292.31
      37.200     301.52
      37.400     299.78
      37.600     307.83
      37.800     310.73
      38.000     305.80
      38.200     311.82
      38.400     305.47
      38.600     306.33
      38.800     303.30
      39.000     309.64
      39.200     309.42
      39.400     306.05
      39.600     304.15
      39.800     312.32
      40.000     313.61
      40.200     294.10
      40.400     305.07
      40.600     314.48
      40.800     311.19
      41.000     297.96
      41.200     302.92
      41.400     303.87
      41.600     301.52
      41.800     299.89
      42.000     298.66
      42.200     301.36
      42.400     306.88
      42.600     311.19
      42.800     299.35
      43.000     305.33
      43.200     299.29
      43.400     298.74
      43.600     297.39
      43.800     301.70
      44.000     297.30
      44.200     302.27
      44.400     299.11
      44.600     303.89
      44.800     303.87
      45.000     304.92
      45.200     298.55
      45.400     303.25
      45.600     305.17
      45.800     295.71
      46.000     300.75
      46.200     316.05
      46.400     308.26
      46.600     301.82
      46.800     301.52
      47.000     303.02
      47.200     300.49
      47.400     304.36
      47.600     285.72
      47.800     299.87
      48.000     305.12
      48.200     303.30
      48.400     301.65
      48.600     293.44
      48.800     292.27
      49.000     298.71
      49.200     297.63
      49.400     291.20
      49.600     282.41
      49.800     303.83
      50.000     303.50
      50.200     308.32
      50.400     299.41
      50.600     285.66
      50.800     292.69
      51.000     286.45
      51.200     294.76
      51.400     293.46
      51.600     288.92
      51.800     294.33
      52.000     298.74
      52.200     293.02
      52.400     291.02
      52.600     296.41
      52.800     297.14
      53.000     311.61
      53.200     301.15
      53.400     306.66
      53.600     299.73
      53.800     301.88
      54.000     295.73
      54.200     303.62
      54.400     305.83
      54.600     307.61
      54.800     309.88
      55.000     298.83
      55.200     298.86
      55.400     298.45
      55.600     306.45
      55.800     305.24
      56.000     302.68
      56.200     293.01
      56.400     298.58
      56.600     288.69
      56.800     296.31
      57.000     294.41
      57.200     294.66
      57.400     301.51
      57.600     302.96
      57.800     313.11
      58.000     303.81
      58.200     296.09
      58.400     303.65
      58.600     302.23
      58.800     291.65
      59.000     295.52
      59.200     299.53
      59.400     302.86
      59.600     295.94
      59.800     316.32
      60.000     300.48
      60.200     308.98
      60.400     303.46
      60.600     303.49
      60.800     304.89
      61.000     306.00
      61.200     305.83
      61.400     293.80
      61.600     294.79
      61.800     306.69
      62.000     296.59
      62.200     301.62
      62.400     294.85
      62.600     300.17
      62.800     291.54
      63.000     296.28
      63.200     304.08
      63.400     305.22
      63.600     290.30
      63.800     298.81
      64.000     298.28
      64.200     288.28
      64.400     290.34
      64.600     289.74
      64.800     302.24
      65.000     290.29
      65.200     298.42
      65.400     303.52
      65.600     307.37
      65.800     297.65
      66.000     306.84
      66.200     307.64
      66.400     294.93
      66.600     302.02
      66.800     298.28
      67.000     316.10
      67.200     298.30
      67.400     302.86
      67.600     298.43
      67.800     296.48
      68.000     304.48
      68.200     292.73
      68.400     290.91
      68.600     297.32
      68.800     294.76
      69.000     292.87
      69.200     295.11
      69.400     304.78
      69.600     310.41
      69.800     298.04
      70.000     299.86
      70.200     299.61
      70.400     295.96
      70.600     295.19
      70.800     295.64
      71.000     297.67
      71.200     286.32
      71.400     292.25
      71.600     291.08
      71.800     312.65
      72.000     299.62
      72.200     288.98
      72.400     297.52
      72.600     297.45
      72.800     300.71
      73.000     307.78
      73.200     297.02
      73.400     302.68
      73.600     287.52
      73.800     295.74
      74.000     292.28
      74.200     299.11
      74.400     294.37
      74.600     295.07
      74.800     308.02
      75.000     309.26
      75.200     309.55
      75.400     309.13
      75.600     317.44
      75.800     298.20
      76.000     298.26
      76.200     305.48
      76.400     299.06
      76.600     295.97
      76.800     302.45
      77.000     286.98
      77.200     293.96
      77.400     295.11
      77.600     300.91
      77.800     309.56
      78.000     300.39
      78.200     299.92
      78.400     289.71
      78.600     303.44
      78.800     297.39
      79.000     305.78
      79.200     303.48
      79.400     312.20
      79.600     300.48
      79.800     292.55
      80.000     291.68
