       0.000  
       0.200  
       0.400  
       0.600  
       0.800  
       1.000  
       1.200  
       1.400  
       1.600  
       1.800  
       2.000  
       2.200  
       2.400  
       2.600  
       2.800  
       3.000  
       3.200  
       3.400  
       3.600  
       3.800  
       4.000  
       4.200  
       4.400  
       4.600  
       4.800  
       5.000  
       5.200  
       5.400  
       5.600  
       5.800  
       6.000  
       6.200  
       6.400  
       6.600  
       6.800  
       7.000  
       7.200  
       7.400  
       7.600  
       7.800  
       8.000  
       8.200  
       8.400  
       8.600  
       8.800  
       9.000  
       9.200  
       9.400  
       9.600  
       9.800  
      10.000  
      10.200  
      10.400  
      10.600  
      10.800  
      11.000  
      11.200  
      11.400  
      11.600  
      11.800  
      12.000  
      12.200  
      12.400  
      12.600  
      12.800  
      13.000  
      13.200  
      13.400  
      13.600  
      13.800  
      14.000  
      14.200  
      14.400  
      14.600  
      14.800  
      15.000  
      15.200  
      15.400  
      15.600  
      15.800  
      16.000  
      16.200  
      16.400  
      16.600  
      16.800  
      17.000  
      17.200  
      17.400  
      17.600  
      17.800  
      18.000  
      18.200  
      18.400  
      18.600  
      18.800  
      19.000  
      19.200  
      19.400  
      19.600  
      19.800  
      20.000  
      20.200       31209.5080
      20.400       31165.6639
      20.600       31131.1251
      20.800       31073.4285
      21.000       31011.8987
      21.200       30903.5064
      21.400       30800.9091
      21.600       30766.4171
      21.800       30652.0652
      22.000       30510.4425
      22.200       30313.3135
      22.400       30174.9403
      22.600       30053.6778
      22.800       30000.0414
      23.000       29836.7304
      23.200       29785.9397
      23.400       29742.5439
      23.600       29616.4255
      23.800       29479.0543
      24.000       29386.2866
      24.200       29340.9416
      24.400       29216.8615
      24.600       29091.6876
      24.800       28940.1787
      25.000       28839.5770
      25.200       28665.2386
      25.400       28535.0498
      25.600       28453.4913
      25.800       28364.7332
      26.000       28257.5034
      26.200       28141.0433
      26.400       28099.7375
      26.600       28029.6734
      26.800       27926.3904
      27.000       27829.0252
      27.200       27746.4558
      27.400       27610.5997
      27.600       27484.6721
      27.800       27404.7290
      28.000       27342.6963
      28.200       27269.3204
      28.400       27149.0039
      28.600       27097.7558
      28.800       27015.1286
      29.000       26934.4716
      29.200       26790.3231
      29.400       26693.0616
      29.600       26490.5587
      29.800       26315.3322
      30.000       26214.3646
      30.200       26053.5974
      30.400       25935.5043
      30.600       25783.8566
      30.800       25643.2586
      31.000       25470.2739
      31.200       25315.8036
      31.400       25184.9025
      31.600       25080.8420
      31.800       24925.8400
      32.000       24873.5788
      32.200       24831.8648
      32.400       24656.8378
      32.600       24544.3240
      32.800       24443.3219
      33.000       24387.4507
      33.200       24189.5041
      33.400       24092.3419
      33.600       24007.2754
      33.800       23797.1177
      34.000       23642.0012
      34.200       23535.6763
      34.400       23408.2174
      34.600       23353.6724
      34.800       23232.8188
      35.000       23125.4314
      35.200       23154.9931
      35.400       23112.1241
      35.600       22956.8326
      35.800       22870.9258
      36.000       22742.1937
      36.200       22590.9190
      36.400       22607.4832
      36.600       22498.3579
      36.800       22360.3362
      37.000       22263.9590
      37.200       22148.9228
      37.400       22111.4866
      37.600       22008.8546
      37.800       21973.8580
      38.000       21894.3120
      38.200       21811.8012
      38.400       21813.3061
      38.600       21721.2320
      38.800       21657.9505
      39.000       21563.4304
      39.200       21499.0369
      39.400       21429.5143
      39.600       21356.6138
      39.800       21284.6762
      40.000       21226.6511
      40.200       21178.4299
      40.400       21110.8798
      40.600       21012.1366
      40.800       20976.9249
      41.000       20915.6184
      41.200       20846.4948
      41.400       20763.3726
      41.600       20727.1221
      41.800       20655.1612
      42.000       20588.4322
      42.200       20468.6186
      42.400       20394.2245
      42.600       20332.6685
      42.800       20284.0096
      43.000       20269.2528
      43.200       20225.4867
      43.400       20141.4077
      43.600       20061.3518
      43.800       20046.8843
      44.000       20023.0392
      44.200       20056.5927
      44.400       20031.5582
      44.600       20018.0137
      44.800       19947.6926
      45.000       19897.9917
      45.200       19898.0039
      45.400       19838.8278
      45.600       19787.8721
      45.800       19835.1563
      46.000       19786.4863
      46.200       19793.5812
      46.400       19705.6420
      46.600       19702.3992
      46.800       19768.8453
      47.000       19721.1757
      47.200       19734.7288
      47.400       19712.7378
      47.600       19710.5466
      47.800       19571.5820
      48.000       19573.6284
      48.200       19528.5384
      48.400       19512.3590
      48.600       19462.7637
      48.800       19339.2550
      49.000       19311.8381
      49.200       19424.9835
      49.400       19446.1868
      49.600       19419.7479
      49.800       19425.4073
      50.000       19380.5388
      50.200       19373.1145
      50.400       19339.0219
      50.600       19331.1787
      50.800       19238.8378
      51.000       19173.2422
      51.200       19173.0568
      51.400       19189.6764
      51.600       19177.9462
      51.800       19207.1589
      52.000       19216.2910
      52.200       19274.5956
      52.400       19252.1558
      52.600       19243.8679
      52.800       19160.4440
      53.000       19214.8600
      53.200       19289.9457
      53.400       19326.7363
      53.600       19366.7076
      53.800       19331.2786
      54.000       19303.1986
      54.200       19356.6945
      54.400       19402.2903
      54.600       19393.1642
      54.800       19421.9543
      55.000       19413.5983
      55.200       19450.6566
      55.400       19447.8860
      55.600       19529.0199
      55.800       19508.3830
      56.000       19490.8922
      56.200       19498.5129
      56.400       19458.4214
      56.600       19451.4761
      56.800       19428.7815
      57.000       19411.6364
      57.200       19429.1426
      57.400       19429.8545
      57.600       19401.7994
      57.800       19353.1442
      58.000       19385.7625
      58.200       19421.6793
      58.400       19415.8620
      58.600       19274.0574
      58.800       19228.5381
      59.000       19257.8398
      59.200       19319.4453
      59.400       19348.7037
      59.600       19297.2772
      59.800       19273.8868
      60.000       19259.9701
      60.200       19327.8190
      60.400       19298.6504
      60.600       19285.7639
      60.800       19359.9092
      61.000       19378.4928
      61.200       19374.8881
      61.400       19420.3595
      61.600       19402.7027
      61.800       19420.4244
      62.000       19447.4971
      62.200       19475.4317
      62.400       19471.9532
      62.600       19462.2135
      62.800       19524.4009
      63.000       19501.4281
      63.200       19469.8290
      63.400       19485.5443
      63.600       19546.7565
      63.800       19497.2541
      64.000       19496.8989
      64.200       19521.9310
      64.400       19531.0242
      64.600       19482.7998
      64.800       19410.9089
      65.000       19428.6121
      65.200       19457.9238
      65.400       19482.2166
      65.600       19485.1554
      65.800       19471.4292
      66.000       19490.6840
      66.200       19467.7269
      66.400       19481.3109
      66.600       19463.5072
      66.800       19435.3223
      67.000       19476.7065
      67.200       19428.3382
      67.400       19387.8615
      67.600       19368.2194
      67.800       19343.9812
      68.000       19308.9514
      68.200       19317.2085
      68.400       19356.8466
      68.600       19402.3255
      68.800       19455.1363
      69.000       19434.7156
      69.200       19478.4139
      69.400       19515.4658
      69.600       19444.3148
      69.800       19471.7279
      70.000       19515.6641
      70.200       19510.3203
      70.400       19462.7532
      70.600       19434.1626
      70.800       19378.1896
      71.000       19329.0947
      71.200       19409.4662
      71.400       19331.4481
      71.600       19320.8859
      71.800       19262.6327
      72.000       19222.8554
      72.200       19195.2604
      72.400       19165.3353
      72.600       19174.1379
      72.800       19190.7161
      73.000       19254.3369
      73.200       19309.7367
      73.400       19363.9553
      73.600       19321.8257
      73.800       19215.0885
      74.000       19215.3265
      74.200       19225.2978
      74.400       19269.1926
      74.600       19320.6581
      74.800       19330.9449
      75.000       19331.9840
      75.200       19409.9434
      75.400       19435.6798
      75.600       19437.0264
      75.800       19446.5248
      76.000       19454.6325
      76.200       19432.3216
      76.400       19418.8694
      76.600       19455.5928
      76.800       19469.0707
      77.000       19489.7234
      77.200       19470.4996
      77.400       19492.4242
      77.600       19560.3963
      77.800       19569.1778
      78.000       19572.7913
      78.200       19605.1885
      78.400       19584.8712
      78.600       19553.2886
      78.800       19519.1879
      79.000       19442.7811
      79.200       19456.3312
      79.400       19484.4990
      79.600       19409.1195
      79.800       19380.1299
      80.000       19326.0987
